1175380.625000
58744.519531
80560.421875
81153.734375
65437.398438
75154.992188
68252.671875
70357.640625
69170.867188
61919.777344
67914.640625
59266.656250
64721.382812
65426.781250
61182.484375
70020.093750
76922.117188
65306.269531
58248.285156
53409.152344
63013.859375
68545.406250
54695.835938
53861.523438
43920.382812
55223.992188
56994.187500
48735.765625
47319.222656
54156.632812
42531.218750
48145.632812
34047.371094
37551.183594
32613.230469
35278.710938
42403.312500
28402.048828
21878.324219
26445.767578
22040.085938
39005.777344
25945.382812
11270.552734
30026.447266
12677.536133
15678.941406
5241.849609
7326.030273
12967.726562
2840.752441
1743.527588
20193.824219
-5377.791016
9430.279297
-10788.208008
-5749.561523
-4988.578613
-12976.431641
-11736.612305
3023.320312
-5321.103516
-18014.046875
-23817.296875
-18493.996094
-16940.394531
-27298.089844
-28035.185547
-39138.464844
-31557.843750
-30659.574219
-31127.808594
-31241.152344
-41401.890625
-40257.972656
-38579.695312
-42253.289062
-48680.707031
-44431.425781
-36133.433594
-47736.675781
-45176.007812
-51352.398438
-60987.460938
-36059.492188
-58999.167969
-57023.859375
-65262.851562
-58358.968750
-62094.703125
-61429.652344
-49105.992188
-53587.667969
-69514.085938
-52134.378906
-50132.093750
-66954.679688
-56985.812500
-61505.324219
-65077.789062
-44922.500000
-57576.632812
-63271.359375
-76291.312500
-62911.593750
-54025.945312
-67690.640625
-58486.257812
-73444.984375
-65726.703125
-71836.585938
-66437.460938
-71087.539062
-61876.714844
-72698.054688
-60304.195312
-59381.855469
-68319.906250
-68223.117188
-75146.578125
-65036.039062
-74412.718750
-64923.882812
-60031.886719
-55600.886719
-64332.351562
-59081.695312
-68630.656250
-57537.605469
-60860.078125
-61102.632812
-52942.933594
-55742.035156
-48139.218750
-50198.171875
-44020.500000
-38306.578125
-56519.089844
-44173.828125
-42125.187500
-30387.472656
-39856.972656
-37720.726562
-42230.804688
-32623.939453
-35772.269531
-39936.925781
-27218.687500
-33299.652344
-27526.412109
-20213.195312
-32780.359375
-15163.366211
-16840.681641
-15845.326172
-14307.029297
-6346.959961
-6138.244629
-17759.763672
-8071.202148
-7806.897461
4126.596191
7195.168945
2373.435791
5152.993164
-1016.874817
3896.648926
15257.780273
21949.224609
11425.616211
18086.164062
16082.191406
26289.617188
15382.060547
14810.409180
30145.041016
31876.335938
37385.671875
22326.291016
19798.960938
38406.578125
32796.648438
37916.878906
28987.425781
40586.164062
44851.710938
44931.832031
48737.394531
50989.066406
52466.722656
52610.117188
54529.117188
46469.050781
55483.019531
68860.390625
59616.699219
62987.421875
62301.703125
65943.875000
61585.671875
66156.929688
62208.257812
56992.859375
57660.195312
66920.125000
77403.312500
61903.609375
59761.242188
70408.093750
68352.359375
67384.507812
65218.546875
77281.554688
63787.847656
78757.343750
67636.609375
67722.523438
71341.492188
71363.742188
63105.214844
65738.609375
66754.898438
69971.976562
71963.078125
69190.226562
62609.031250
73956.187500
59611.250000
54624.312500
65023.902344
57228.335938
50475.253906
68363.984375
66362.257812
63723.273438
57487.242188
58918.816406
56899.343750
48939.207031
59422.332031
59839.605469
39281.191406
49572.757812
39524.906250
39468.085938
38753.921875
45712.707031
39286.335938
45154.855469
29216.625000
35545.234375
38368.503906
32893.074219
25217.707031
31033.876953
26569.646484
29518.968750
23230.232422
23646.468750
26418.046875
28205.025391
12932.629883
13030.765625
10691.253906
15536.426758
6830.920898
4981.248047
2332.035889
4308.439941
-1366.348145
-2838.576172
4440.094727
8664.209961
-12252.375977
-11028.105469
-1990.782837
-14912.441406
-5498.937988
-17556.130859
-16671.189453
-19654.789062
-25932.933594
-20759.634766
-33253.281250
-38004.996094
-31347.515625
-32233.556641
-39135.023438
-39830.046875
-40656.886719
-37952.210938
-35519.632812
-30111.294922
-53918.226562
-36908.183594
-40808.386719
-48609.945312
-45612.585938
-49962.046875
-65645.468750
-53126.453125
-61283.757812
-51292.468750
-45862.492188
-53650.269531
-49353.785156
-53343.976562
-53349.585938
-61315.453125
-58444.664062
-58436.812500
-66110.859375
-69162.093750
-67362.031250
-57589.652344
-66441.859375
-71373.882812
-64176.332031
-61631.949219
-64037.328125
-72331.468750
-63103.515625
-73780.226562
-79825.078125
-73603.375000
-74192.968750
-68944.351562
-67559.921875
-73824.453125
-65477.257812
-66483.828125
-58126.984375
-79279.359375
-69347.289062
-59897.000000
-68795.335938
-74465.304688
-62977.671875
-61535.375000
-59574.445312
-68187.296875
-54885.187500
-49844.460938
-52177.914062
-58219.503906
-56607.957031
-54462.671875
-53147.480469
-51119.433594
-55323.082031
-44935.085938
-45073.304688
-41350.785156
-39607.503906
-50059.019531
-50047.031250
-42112.867188
-33454.007812
-27336.261719
-30868.396484
-32188.962891
-25294.304688
-33721.914062
-30047.082031
-30041.236328
-20955.085938
-16812.769531
-23827.228516
-17080.015625
-18330.183594
-14428.251953
-12593.836914
-5607.975586
-9958.504883
-12334.116211
-12856.273438
9157.187500
-40.925293
11582.153320
-1049.279053
5182.671387
12559.077148
2395.029785
3640.780762
12255.933594
10690.484375
13990.011719
25340.525391
10912.063477
26451.769531
27057.488281
20041.298828
27076.580078
35194.031250
36235.929688
32653.474609
31360.531250
43606.191406
40581.863281
33852.515625
34355.011719
35669.523438
44147.351562
47853.085938
37339.800781
45708.335938
40143.468750
63457.007812
53105.238281
60928.875000
60595.718750
54118.109375
56522.007812
60369.484375
60708.128906
72456.750000
53097.148438
56864.363281
64774.308594
68459.812500
57950.070312
60297.511719
70119.093750
72451.781250
71491.937500
70948.078125
70281.445312
67009.921875
67755.773438
72692.609375
77509.835938
77164.687500
57752.375000
79488.859375
72728.710938
72311.406250
70443.179688
66341.851562
66692.343750
74952.421875
56141.742188
57144.156250
71834.093750
68562.328125
63945.960938
56760.980469
59287.304688
64222.593750
64075.910156
66372.234375
61746.824219
59742.890625
60481.898438
56332.804688
54604.328125
46132.437500
53987.335938
49694.324219
54140.078125
43078.421875
56083.214844
41055.117188
35414.488281
47359.867188
43982.890625
44455.808594
31249.019531
37590.066406
42271.484375
31081.445312
32501.968750
38079.230469
18446.925781
25759.566406
19509.324219
10449.248047
23877.167969
5106.708984
20524.285156
-533.583252
4757.031738
6138.680176
3820.683594
16108.281250
13602.815430
-3293.104492
-6705.978516
-3374.394531
-5812.786133
-9531.356445
-10869.091797
-9497.035156
-17580.867188
-1782.704346
-13866.780273
-19873.341797
-16096.039062
-31635.130859
-13689.007812
-30568.621094
-38810.773438
-34004.718750
-30843.855469
-27612.685547
-24061.126953
-43714.355469
-37463.851562
-36817.546875
-49956.714844
-49916.312500
-43310.910156
-54557.812500
