Threads	Nodes	Volume	Performance
1	100	29.281	22.707
1	500	28.805	22.683
1	1000	28.746	22.681
1	2000	28.717	22.680
1	3000	28.707	22.666
1	4000	28.702	22.679
1	5000	28.699	22.678
2	100	29.281	44.981
2	500	28.805	45.306
2	1000	28.746	45.311
2	2000	28.717	45.310
2	3000	28.707	45.317
2	4000	28.702	45.312
2	5000	28.699	45.313
4	100	29.281	88.232
4	500	28.805	89.180
4	1000	28.746	87.283
4	2000	28.717	89.291
4	3000	28.707	89.168
4	4000	28.702	89.215
4	5000	28.699	89.178
6	100	29.281	121.675
6	500	28.805	119.417
6	1000	28.746	123.484
6	2000	28.717	125.898
6	3000	28.707	125.904
6	4000	28.702	125.781
6	5000	28.699	127.150
8	100	29.281	145.077
8	500	28.805	154.502
8	1000	28.746	163.806
8	2000	28.717	164.047
8	3000	28.707	163.998
8	4000	28.702	163.913
8	5000	28.699	163.804
10	100	29.281	171.417
10	500	28.805	192.222
10	1000	28.746	197.447
10	2000	28.717	197.887
10	3000	28.707	197.910
10	4000	28.702	197.835
10	5000	28.699	197.930
12	100	29.281	192.987
12	500	28.805	221.295
12	1000	28.746	228.494
12	2000	28.717	228.897
12	3000	28.707	228.766
12	4000	28.702	228.996
12	5000	28.699	229.027
14	100	29.281	214.525
14	500	28.805	255.514
14	1000	28.746	256.929
14	2000	28.717	257.041
14	3000	28.707	257.347
14	4000	28.702	257.319
14	5000	28.699	257.306
16	100	29.281	220.142
16	500	28.805	291.754
16	1000	28.746	293.764
16	2000	28.717	294.138
16	3000	28.707	294.246
16	4000	28.702	293.882
16	5000	28.699	294.292
18	100	29.281	199.011
18	500	28.805	242.945
18	1000	28.746	244.763
18	2000	28.717	253.640
18	3000	28.707	259.866
18	4000	28.702	263.794
18	5000	28.699	256.282
20	100	29.281	192.155
20	500	28.805	268.561
20	1000	28.746	270.930
20	2000	28.717	274.995
20	3000	28.707	278.853
20	4000	28.702	280.519
20	5000	28.699	280.976
22	100	29.281	231.270
22	500	28.805	293.898
22	1000	28.746	298.694
22	2000	28.717	300.900
22	3000	28.707	304.864
22	4000	28.702	306.383
22	5000	28.699	312.399
24	100	29.281	222.008
24	500	28.805	317.873
24	1000	28.746	324.757
24	2000	28.717	327.055
24	3000	28.707	330.066
24	4000	28.702	331.347
24	5000	28.699	332.009
26	100	29.281	250.921
26	500	28.805	347.532
26	1000	28.746	351.921
26	2000	28.717	338.797
26	3000	28.707	355.406
26	4000	28.702	347.853
26	5000	28.699	356.488
28	100	29.281	260.093
28	500	28.805	374.420
28	1000	28.746	361.344
28	2000	28.717	379.126
28	3000	28.707	380.413
28	4000	28.702	380.582
28	5000	28.699	380.739
30	100	29.281	249.261
30	500	28.805	399.680
30	1000	28.746	405.598
30	2000	28.717	406.772
30	3000	28.707	407.769
30	4000	28.702	407.965
30	5000	28.699	408.212
32	100	29.281	4.468
32	500	28.805	45.997
32	1000	28.746	121.934
32	2000	28.717	434.678
32	3000	28.707	293.295
32	4000	28.702	322.853
32	5000	28.699	435.467
