Threads	Nodes	Volume	Performance
1	25	28.7468	16.6111
1	100	28.7010	19.7998
1	400	28.6906	20.9818
1	2500	28.6880	21.5282
2	25	28.7468	6.9887
2	100	28.7010	22.1162
2	400	28.6906	33.3901
2	2500	28.6880	41.7084
4	25	28.7468	7.2747
4	100	28.7010	16.5089
4	400	28.6906	54.1542
4	2500	28.6880	76.7397
6	25	28.7468	5.7840
6	100	28.7010	19.5510
6	400	28.6906	51.4861
6	2500	28.6880	101.6070
8	25	28.7468	5.4760
8	100	28.7010	12.2643
8	400	28.6906	36.4691
8	2500	28.6880	111.3286
10	25	28.7468	4.6749
10	100	28.7010	16.4735
10	400	28.6906	52.9981
10	2500	28.6880	121.2884
12	25	28.7468	3.7056
12	100	28.7010	10.6501
12	400	28.6906	48.1013
12	2500	28.6880	130.4541
14	25	28.7468	3.8348
14	100	28.7010	12.6456
14	400	28.6906	47.6213
14	2500	28.6880	131.8445
16	25	28.7468	2.8406
16	100	28.7010	9.9725
16	400	28.6906	35.4020
16	2500	28.6880	134.7635
