Running test for array multiply...
Elements	8	16	32	64	128	256	512	1024
1024	0.026	0.014	0.012	0.014	0.028	0.026	0.027	0.025	
1048576	1.685	2.828	3.669	4.348	4.106	4.479	3.236	4.319	
4194304	2.579	4.415	6.778	7.600	8.442	7.901	9.153	8.867	
8388608	2.738	4.891	8.051	10.986	11.927	10.825	11.203	11.069	
12582912	2.787	5.126	8.372	11.762	12.091	12.495	12.366	12.340	
16777216	2.840	5.307	9.115	13.023	14.141	13.874	13.753	13.606	
20971520	2.864	5.285	9.235	13.339	14.450	14.244	14.129	13.713	
25165824	2.893	5.434	9.158	13.257	15.148	14.828	14.198	14.792	
29360128	2.899	5.385	9.613	14.106	15.218	14.948	14.554	14.816	
33554432	2.888	5.513	9.675	14.321	15.564	15.128	14.767	14.657	
37748736	2.900	5.524	9.710	14.469	15.973	15.821	15.666	15.500	
41943040	2.902	5.794	9.806	14.701	16.004	15.542	15.758	15.442	
46137344	2.931	5.594	10.623	14.848	15.164	15.614	15.702	15.763	
50331648	2.949	5.677	9.926	14.906	16.409	16.388	16.488	16.006	
54525952	3.023	5.624	10.011	15.361	16.778	16.279	16.201	16.023	
58720256	3.012	5.848	10.408	15.066	16.606	16.028	16.098	16.453	
62914560	2.943	5.656	10.081	15.337	17.032	16.728	16.395	16.393	
67108864	2.939	6.132	10.718	15.340	17.056	16.540	16.342	16.165	

Running tests for array multiply + add...
Elements	8	16	32	64	128	256	512	1024
1024	0.028	0.029	0.028	0.028	0.027	0.014	0.028	0.021	
1048576	1.909	2.672	3.085	4.078	4.124	4.032	4.039	4.071	
4194304	2.480	3.859	5.674	6.895	7.994	8.059	7.511	7.117	
8388608	2.609	4.589	6.975	9.090	9.489	9.821	9.665	9.498	
12582912	2.658	4.818	7.622	9.479	10.527	10.596	10.128	10.496	
16777216	2.732	5.069	8.280	10.867	11.549	11.517	11.387	11.044	
20971520	2.757	5.087	8.322	10.940	11.869	11.551	11.632	11.526	
25165824	2.778	5.196	8.447	10.055	5.822	11.952	11.163	11.819	
29360128	2.748	3.644	8.605	11.402	12.258	12.048	9.971	6.078	
33554432	2.141	5.178	8.301	11.617	12.505	12.212	12.244	11.574	
37748736	2.772	3.869	8.647	11.162	9.928	10.313	12.197	12.544	
41943040	2.518	5.300	8.679	11.183	12.758	12.773	11.268	12.389	
46137344	3.070	5.344	8.852	12.170	12.923	12.954	12.777	12.755	
50331648	2.805	5.298	8.923	11.895	12.999	12.915	13.089	12.825	
54525952	3.047	5.357	9.315	12.509	13.058	12.826	13.168	12.808	
58720256	2.823	5.355	9.038	12.189	13.101	13.026	13.266	12.920	
62914560	3.078	5.385	9.583	12.382	13.436	13.372	13.315	12.891	
67108864	2.821	5.396	9.199	12.517	10.259	13.204	13.172	12.928	

